{"model": "bert-base-uncased", "sentences": [{"text": "The robot picked up the cup because it was empty", "tokens": ["The", "robot", "picked", "up", "the", "cup", "because", "it", "was", "empty"], "heads": [{"label": "head: it \u2192 empty", "layer": 6, "head": 5, "A": [[0.077, 0.707, 0.057, 0.004, 0.014, 0.009, 0.092, 0.012, 0.004, 0.024], [0.109, 0.187, 0.051, 0.011, 0.017, 0.004, 0.42, 0.065, 0.029, 0.107], [0.018, 0.04, 0.067, 0.108, 0.153, 0.07, 0.471, 0.019, 0.005, 0.05], [0.004, 0.008, 0.882, 0.006, 0.024, 0.01, 0.038, 0.008, 0.006, 0.014], [0.002, 0.074, 0.258, 0.036, 0.01, 0.459, 0.023, 0.009, 0.016, 0.113], [0.008, 0.033, 0.163, 0.02, 0.014, 0.02, 0.048, 0.014, 0.031, 0.649], [0.004, 0.004, 0.011, 0.002, 0.008, 0.004, 0.081, 0.122, 0.402, 0.363], [0.0, 0.001, 0.002, 0.0, 0.0, 0.003, 0.001, 0.006, 0.017, 0.97], [0.001, 0.003, 0.003, 0.001, 0.001, 0.008, 0.013, 0.03, 0.01, 0.929], [0.026, 0.025, 0.128, 0.053, 0.049, 0.181, 0.105, 0.128, 0.185, 0.119]]}, {"label": "head: previous token", "layer": 3, "head": 5, "A": [[0.927, 0.006, 0.001, 0.029, 0.001, 0.0, 0.0, 0.0, 0.0, 0.035], [0.982, 0.005, 0.001, 0.009, 0.001, 0.001, 0.0, 0.0, 0.0, 0.001], [0.066, 0.861, 0.057, 0.009, 0.004, 0.001, 0.002, 0.0, 0.0, 0.001], [0.006, 0.036, 0.917, 0.02, 0.017, 0.002, 0.0, 0.001, 0.0, 0.0], [0.0, 0.0, 0.002, 0.994, 0.002, 0.0, 0.001, 0.0, 0.0, 0.0], [0.002, 0.007, 0.008, 0.152, 0.793, 0.016, 0.011, 0.003, 0.006, 0.002], [0.008, 0.001, 0.013, 0.001, 0.054, 0.865, 0.035, 0.012, 0.01, 0.001], [0.0, 0.0, 0.0, 0.001, 0.0, 0.003, 0.989, 0.003, 0.0, 0.003], [0.0, 0.0, 0.0, 0.0, 0.0, 0.001, 0.01, 0.983, 0.004, 0.001], [0.001, 0.0, 0.001, 0.0, 0.002, 0.002, 0.004, 0.037, 0.933, 0.02]]}, {"label": "head: broad context", "layer": 11, "head": 0, "A": [[0.144, 0.166, 0.07, 0.124, 0.069, 0.032, 0.198, 0.054, 0.049, 0.094], [0.125, 0.26, 0.059, 0.065, 0.062, 0.063, 0.167, 0.06, 0.04, 0.098], [0.089, 0.088, 0.139, 0.11, 0.067, 0.085, 0.162, 0.087, 0.104, 0.069], [0.073, 0.142, 0.061, 0.044, 0.062, 0.137, 0.165, 0.103, 0.143, 0.07], [0.108, 0.188, 0.053, 0.08, 0.067, 0.094, 0.133, 0.112, 0.072, 0.094], [0.139, 0.196, 0.06, 0.051, 0.069, 0.133, 0.181, 0.057, 0.062, 0.052], [0.174, 0.103, 0.106, 0.055, 0.101, 0.031, 0.223, 0.056, 0.084, 0.068], [0.187, 0.125, 0.036, 0.029, 0.115, 0.069, 0.132, 0.135, 0.084, 0.088], [0.169, 0.098, 0.099, 0.057, 0.115, 0.062, 0.143, 0.082, 0.078, 0.097], [0.112, 0.172, 0.051, 0.013, 0.069, 0.08, 0.193, 0.132, 0.085, 0.092]]}]}, {"text": "The chef tasted the soup because it was bland", "tokens": ["The", "chef", "tasted", "the", "soup", "because", "it", "was", "bland"], "heads": [{"label": "head: it \u2192 bland", "layer": 4, "head": 5, "A": [[0.004, 0.817, 0.137, 0.012, 0.011, 0.017, 0.001, 0.0, 0.001], [0.017, 0.151, 0.443, 0.217, 0.115, 0.038, 0.007, 0.001, 0.011], [0.002, 0.004, 0.095, 0.121, 0.558, 0.151, 0.034, 0.008, 0.028], [0.001, 0.029, 0.028, 0.026, 0.599, 0.239, 0.057, 0.015, 0.007], [0.01, 0.016, 0.105, 0.082, 0.3, 0.177, 0.081, 0.041, 0.187], [0.0, 0.001, 0.009, 0.003, 0.003, 0.024, 0.036, 0.265, 0.66], [0.001, 0.001, 0.005, 0.002, 0.008, 0.015, 0.019, 0.017, 0.933], [0.001, 0.0, 0.001, 0.002, 0.01, 0.009, 0.008, 0.009, 0.959], [0.089, 0.024, 0.09, 0.013, 0.034, 0.076, 0.025, 0.045, 0.604]]}, {"label": "head: previous token", "layer": 3, "head": 5, "A": [[0.866, 0.012, 0.111, 0.001, 0.002, 0.002, 0.0, 0.0, 0.006], [0.907, 0.061, 0.02, 0.004, 0.005, 0.002, 0.0, 0.0, 0.0], [0.015, 0.969, 0.008, 0.004, 0.004, 0.0, 0.0, 0.0, 0.0], [0.0, 0.0, 0.999, 0.0, 0.0, 0.0, 0.0, 0.0, 0.0], [0.001, 0.006, 0.038, 0.931, 0.013, 0.009, 0.0, 0.001, 0.002], [0.001, 0.001, 0.005, 0.018, 0.953, 0.018, 0.002, 0.001, 0.0], [0.001, 0.0, 0.003, 0.0, 0.005, 0.984, 0.004, 0.001, 0.002], [0.0, 0.001, 0.0, 0.0, 0.001, 0.004, 0.982, 0.012, 0.0], [0.0, 0.001, 0.0, 0.0, 0.001, 0.001, 0.01, 0.98, 0.007]]}, {"label": "head: broad context", "layer": 11, "head": 6, "A": [[0.1, 0.189, 0.145, 0.098, 0.069, 0.064, 0.09, 0.143, 0.102], [0.125, 0.197, 0.131, 0.081, 0.073, 0.112, 0.053, 0.104, 0.123], [0.086, 0.167, 0.212, 0.096, 0.036, 0.071, 0.084, 0.102, 0.146], [0.075, 0.148, 0.14, 0.114, 0.074, 0.068, 0.102, 0.153, 0.126], [0.109, 0.141, 0.139, 0.086, 0.068, 0.119, 0.067, 0.105, 0.166], [0.155, 0.107, 0.136, 0.145, 0.034, 0.111, 0.1, 0.112, 0.1], [0.071, 0.118, 0.131, 0.09, 0.057, 0.122, 0.094, 0.125, 0.192], [0.079, 0.16, 0.14, 0.08, 0.038, 0.099, 0.096, 0.151, 0.156], [0.055, 0.086, 0.187, 0.043, 0.027, 0.136, 0.07, 0.127, 0.27]]}]}]}